淮北	33.98 	116.79 	160.00
北京	40.04 	116.18 	68.00
十三陵	40.25 	116.22 	101.00
厦门	24.45 	118.08 	49.00
福州	26.09 	119.28 	17.00
漳州	24.45 	117.63 	42.30
厦门	24.45 	118.05 	32.00
龙岩	25.13 	117.03 	380.00
南平	26.62 	118.19 	180.00
泉州	24.95 	118.60 	54.00
莆田	25.45 	119.01 	54.00
兰州	36.08 	103.75 	1580.00
高台	39.41 	99.81 	1341.00
深圳	22.55 	114.14 	30.00
湛江	21.15 	110.30 	42.78
凭祥	22.13 	106.75 	227.00
梧州	23.48 	111.23 	25.00
灵山	22.42 	109.28 	103.00
桂林	25.28 	110.29
琼中	19.00 	109.80 	226.00
张家口	40.49 	114.54 	856.00
郑州	34.63 	113.57 	200.00
牡丹江	44.62 	129.59 	262.00
漠河	53.46 	122.34 	575.00
鹤岗	47.21 	130.14 	188.00
九峰	30.50 	114.50 	58.00
宜昌	30.73 	111.29 	58.00
黄梅	30.14 	115.89 	69.00
十堰	32.66 	110.79 	260.00
恩施	30.17 	109.10 	470.00
襄樊	32.00 	112.04 	90.62
洪江	27.01 	110.00 	201.00
长白山	42.06 	128.06 	1818.53
长春	43.47 	125.35 	280.00
溧阳	31.35 	119.42 	23.50
吉安	26.75 	115.06 	90.00
沈阳	41.82 	123.50 	54.20
营口	40.68 	122.60 	80.00
大连	38.91 	121.63 	62.00
海拉尔	49.27 	119.74 	610.00
乌加河	41.18 	108.04 	1052.00
银川	38.61 	105.93 	1545.00
炭山	36.50 	105.60 	2220.00
银川	38.36 	105.55 	1554.80
大武	34.48 	100.25 	3736.10
格尔木	36.43 	94.87 	2829.00
玉树	33.01 	96.20 	3725.00
泰安	36.20 	117.12 	266.00
马陵山	34.70 	118.46 	110.00
济南	36.22 	117.64 	175.00
青岛	36.19 	120.55 	290.00
太原	37.70 	112.60 	850.00
西安	34.03 	108.92 	630.00
佘山	31.09 	121.19 	1.00
成都	30.91 	103.76 	653.30
南山	26.54 	101.69 	1217.00
小庙	28.00 	102.00 	1550.00
姑咱	30.12 	102.18 	1450.00
自贡	29.35 	104.76 	326.00
甘孜	31.61 	100.02 	3326.50
松潘	32.48 	103.60 	103.60
安县	31.56 	104.57 	478.00
蓟县	40.08 	117.49
蓟县	40.08 	117.49 	65.00
蓟县	40.09 	117.53 	100.00
拉萨	29.73 	91.10 	3789.00
狮泉河	32.52 	80.11 	4403.00
林芝	29.67 	94.34 	1000.00
乌什	41.20 	79.21 	1437.00
库尔勒	41.82 	86.17 	1000.00
榆树沟	43.78 	87.70 	1089.00
阿勒泰	47.84 	88.13 	828.00
克拉玛依	43.47 	125.35 	30.00
库尔勒	41.79 	86.17 	966.00
若羌	39.02 	88.17 	856.00
于田	36.43 	82.00 	2654.00
云龙	99.10 	25.90
昆明	25.13 	102.75 	1975.00
昭通台	27.32 	103.72 	1950.00
下关	25.61 	100.25 	58.00
勐腊	21.56 	101.55 	950.00
孟连台	22.33 	99.58 	950.00
贵阳	26.64 	106.79 	1064.00
昆明	25.15 	102.75 	1961.00
腾冲	25.03 	98.52 	1607.00
中甸	27.82 	99.70 	3281.70
永胜	26.70 	100.77 	2200.00
温州	27.93 	120.66 	63.00
湖州	30.84 	120.10 	30.00
万州	30.77 	108.49 	360.00
武汉地震所	30.50 	114.50
武汉测地所	30.50 	114.50
昆明	25.15 	102.75
丽江	26.90 	100.25
拉萨	29.65 	91.04
宜昌	30.78 	111.32
北京计量院	40.24 	116.22
